0.87
0.87
0.87
0.87
0.87
0.87
0.87
0.87
0.87
0.87
0.87
0.87
0.87
0.87
0.87
0.87
0.87
0.87
0.87
0.87
0.87
0.87
0.87
0.87
0.87
0.87
0.87
0.87
0.87
0.87
0.87
0.87
0.87
0.87
0.87
0.87
0.87
0.87
0.87
0.87
0.87
0.87
0.87
0.87
0.87
0.87
0.87
0.87
0.87
0.87
0.87
0.87
0.87
0.87
0.87
0.87
0.87
0.87
0.87
0.87
0.87
0.87
0.87
0.87
0.87
0.87
0.87
0.87
0.87
0.87
0.87
0.87
0.87
0.87
0.87
0.87
0.87
0.87
0.87
0.87
0.87
0.87
0.87
0.87
0.87
0.87
0.87
0.87
0.87
0.87
0.87
0.87
0.87
0.87
0.87
0.87
0.87
0.87
0.87
0.87
0.87
0.87
0.87
0.87
0.87
0.87
0.87
0.87
0.87
0.87
0.87
0.87
0.87
0.87
0.87
0.87
0.87
0.87
0.87
0.87
0.87
0.87
0.87
0.87
0.87
0.87
0.87
0.87
0.87
0.87
0.87
0.87
0.87
0.87
0.87
0.87
0.87
0.87
0.87
0.87
0.87
0.87
0.87
0.87
0.87
0.87
0.87
0.87
0.87
0.87
0.87
0.87
0.87
0.87
0.87
0.87
0.87
0.87
0.87
0.87
0.87
0.87
0.87
0.87
0.87
0.87
0.87
0.87
0.87
0.87
0.87
0.87
0.87
0.87
0.87
0.87
0.87
0.87
0.87
0.87
0.87
0.87
0.87
0.87
0.87
0.87
0.87
0.87
0.9
0.9
0.9
0.9
0.87
0.87
0.87
0.87
0.87
0.87
0.87
0.87
0.87
0.87
0.87
0.87
0.87
0.87
0.87
0.87
0.87
0.87
0.87
0.87
0.87
0.87
0.88
0.88
0.9
0.9
0.9
0.9
0.9
0.9
0.9
0.9
0.87
0.87
0.87
0.87
0.87
0.87
0.87
0.87
0.87
0.87
0.87
0.87
0.87
0.87
0.87
0.87
0.87
0.87
0.87
0.9
0.9
0.9
0.9
0.9
0.9
0.9
0.9
0.9
0.9
0.9
0.9
0.9
0.87
0.87
0.87
0.87
0.87
0.87
0.87
0.87
0.87
0.87
0.87
0.87
0.87
0.87
0.87
0.87
0.87
0.87
0.9
0.9
0.9
0.9
0.9
0.9
0.9
0.9
0.9
0.9
0.9
0.9
0.9
0.9
0.87
0.87
0.87
0.87
0.87
0.87
0.87
0.87
0.87
0.87
0.87
0.87
0.87
0.87
0.9
0.9
0.9
0.9
0.9
0.9
0.9
0.9
0.9
0.9
0.9
0.9
0.9
0.9
0.9
0.9
0.9
0.9
0.87
0.87
0.87
0.87
0.87
0.87
0.87
0.87
0.87
0.87
0.87
0.87
0.87
0.9
0.9
0.9
0.9
0.9
0.9
0.9
0.9
0.9
0.9
0.9
0.9
0.9
0.9
0.9
0.9
0.9
0.9
0.9
0.87
0.87
0.87
0.87
0.87
0.87
0.87
0.87
0.87
0.87
0.87
0.87
0.87
0.9
0.9
0.9
0.9
0.9
0.9
0.9
0.9
0.9
0.9
0.9
0.9
0.9
0.9
0.9
0.9
0.9
0.9
0.9
0.88
0.88
0.88
0.88
0.88
0.88
0.87
0.87
0.87
0.87
0.87
0.87
0.87
0.9
0.9
0.9
0.9
0.9
0.9
0.9
0.9
0.9
0.9
0.9
0.9
0.9
0.9
0.9
0.9
0.9
0.9
0.9
0.88
0.88
0.88
0.88
0.88
0.88
0.88
0.88
0.88
0.88
0.88
0.88
0.88
0.9
0.9
0.9
0.9
0.9
0.9
0.9
0.9
0.9
0.9
0.9
0.9
0.9
0.9
0.9
0.9
0.9
0.9
0.9
0.88
0.88
0.88
0.88
0.88
0.88
0.88
0.88
0.9
0.9
0.9
0.9
0.9
0.9
0.9
0.9
0.9
0.9
0.9
0.9
0.9
0.9
0.9
0.9
0.9
0.9
0.9
0.9
0.9
0.9
0.9
0.9
0.88
0.88
0.88
0.88
0.88
0.88
0.9
0.9
0.9
0.9
0.9
0.91
0.91
0.91
0.91
0.99
0.93
0.93
0.93
0.9
0.9
0.9
0.9
0.9
0.9
0.9
0.9
0.9
0.9
0.9
0.9
0.9
0.88
0.88
0.88
0.88
0.88
0.88
0.9
0.91
0.91
0.91
0.91
0.91
0.91
0.91
0.91
0.99
0.95
0.93
0.93
0.91
0.91
0.9
0.9
0.9
0.9
0.9
0.9
0.9
0.9
0.9
0.9
0.9
0.88
0.88
0.88
0.9
0.9
0.9
0.9
0.91
0.91
0.91
0.91
0.91
0.91
0.91
0.92
0.98
0.98
0.95
0.95
0.95
0.91
0.9
0.9
0.9
0.9
0.9
0.9
0.9
0.9
0.9
0.9
0.9
0.9
0.9
0.9
0.9
0.9
0.9
0.9
0.91
0.91
0.91
0.91
0.91
0.91
0.91
0.92
0.98
0.98
0.95
0.95
0.95
0.95
0.95
0.9
0.9
0.9
0.92
0.92
0.92
0.92
0.92
0.9
0.9
0.9
0.9
0.9
0.9
0.9
0.9
0.91
0.91
0.91
0.91
0.91
0.91
0.91
0.91
0.96
0.98
0.98
0.97
0.97
0.95
0.95
0.95
0.95
0.95
0.92
0.92
0.92
0.92
0.92
0.92
0.92
0.92
0.9
0.9
0.9
0.9
0.9
0.9
0.91
0.91
0.91
0.91
0.91
0.91
0.91
0.91
0.98
0.98
0.98
0.97
0.97
0.95
0.95
0.95
0.95
0.95
0.95
0.95
0.92
0.92
0.92
0.92
0.92
0.92
0.9
0.9
0.9
0.9
0.9
0.91
0.91
0.91
0.91
0.91
0.91
0.91
0.91
0.98
0.98
0.98
0.98
0.97
0.97
0.95
0.95
0.95
0.95
0.95
0.95
0.95
0.95
0.95
0.95
0.95
0.93
0.93
0.9
0.9
0.9
0.9
0.9
0.91
0.91
0.91
0.91
0.91
0.91
0.91
0.91
0.98
0.98
0.98
0.98
0.98
0.98
0.98
0.97
0.97
0.97
0.96
0.96
0.95
0.95
0.95
0.95
0.95
0.93
0.93
0.91
0.91
0.91
0.91
0.91
0.91
0.91
0.91
0.91
0.91
0.91
0.91
0.91
0.98
0.98
0.98
0.98
0.98
0.98
0.98
0.97
0.97
0.97
0.97
0.97
0.97
0.95
0.95
0.95
0.95
0.95
0.93
0.91
0.91
0.91
0.91
0.91
0.91
0.91
0.91
0.91
0.91
0.92
0.92
0.96
0.98
0.98
0.98
0.98
0.98
0.98
0.98
0.97
0.97
0.97
0.97
0.97
0.97
0.95
0.95
0.95
0.95
0.95
0.95
0.91
0.91
0.91
0.92
0.92
0.92
0.92
0.92
0.92
0.92
0.92
0.92
0.96
0.98
0.98
0.98
0.98
0.98
0.98
0.98
0.97
0.97
0.97
0.97
0.97
0.97
0.97
0.97
0.97
0.96
0.95
0.95
0.92
0.92
0.92
0.92
0.92
0.92
0.92
0.92
0.92
0.92
0.92
0.96
0.96
0.98
0.98
0.98
0.98
0.98
0.98
0.98
0.98
0.98
0.98
0.97
0.97
0.97
0.97
0.97
0.97
0.96
0.96
0.96
0.92
0.92
0.92
0.92
0.92
0.92
0.92
0.92
0.92
0.92
0.92
0.96
0.98
0.98
0.98
0.98
0.98
0.98
0.98
0.98
0.98
0.98
0.98
0.97
0.97
0.97
0.97
0.97
0.97
0.96
0.96
0.96
0.92
0.92
0.92
0.92
0.92
0.92
0.92
0.92
0.92
0.92
0.96
0.96
0.98
0.98
0.98
0.98
0.98
0.98
0.98
0.98
0.98
0.98
0.98
0.97
0.97
0.97
0.97
0.97
0.97
0.97
0.96
0.96
0.92
0.92
0.92
0.92
0.92
0.92
0.92
0.92
0.92
0.92
0.96
0.96
0.98
0.98
0.98
0.98
0.98
0.98
0.98
0.98
0.98
0.98
0.98
0.97
0.97
0.97
0.97
0.97
0.97
0.97
0.97
0.96
0.92
0.92
0.92
0.92
0.92
0.92
0.92
0.92
0.92
0.96
0.96
0.96
0.98
0.98
0.98
0.98
0.98
0.98
0.98
0.98
0.98
0.98
0.98
0.98
0.98
0.97
0.97
0.97
0.97
0.97
0.97
0.96
0.92
0.92
0.92
0.92
0.92
0.92
0.92
0.92
0.92
0.96
0.96
0.96
0.98
0.98
0.98
0.98
0.98
0.98
0.98
0.98
0.98
0.98
0.98
0.98
0.98
0.98
0.97
0.97
0.97
0.97
0.97
0.96

33
33
32
31
30
30
29
28
28
27
27
26
25
24
24
23
22
22
23
23
24
25
26
26
27
27
28
29
30
31
32
33
33
32
32
31
29
29
28
27
27
26
26
25
24
23
23
22
21
21
21
22
23
24
24
25
26
26
27
28
29
30
31
32
31
30
29
28
27
27
26
25
25
25
25
24
23
22
21
21
20
20
20
21
22
22
23
24
25
25
26
27
28
28
29
30
30
29
28
27
27
26
24
23
22
23
22
21
21
20
20
20
18
19
20
20
21
21
22
23
24
25
25
26
26
27
28
29
29
28
27
26
26
25
23
23
22
22
21
20
20
19
19
18
17
18
19
19
20
20
21
22
23
23
24
25
25
26
27
28
27
27
26
26
25
24
23
22
21
21
20
19
19
18
17
16
16
17
17
18
18
19
20
21
22
22
23
24
25
26
26
27
26
25
25
25
24
23
21
20
20
20
19
18
18
17
16
15
15
16
16
16
17
18
18
19
20
21
21
22
23
24
25
26
25
24
24
23
22
21
20
19
18
18
18
17
16
15
15
14
14
14
15
14
15
16
17
18
19
20
20
21
22
23
24
25
24
23
23
22
21
20
19
18
17
17
17
16
16
15
14
13
13
13
12
13
14
15
16
17
18
18
19
20
21
22
23
24
23
22
21
20
20
19
18
17
16
16
16
15
14
11
11
10
10
10
11
12
13
14
15
16
16
17
18
19
20
21
22
23
23
22
20
19
18
18
17
16
15
15
14
14
12
9
8
9
9
9
10
11
12
13
13
14
15
16
17
18
19
20
21
22
22
21
19
18
17
17
16
15
14
14
13
12
11
8
7
7
7
8
9
10
10
11
12
13
14
15
16
17
18
19
20
21
20
19
18
17
16
15
15
15
14
13
12
11
9
7
6
6
6
7
7
8
9
10
11
12
13
14
15
16
17
18
19
20
19
18
17
16
15
14
13
12
12
12
11
8
7
5
5
5
5
6
6
7
8
9
10
11
12
13
14
15
16
17
18
19
18
17
17
16
15
12
12
11
10
9
7
6
5
4
3
2
3
4
5
6
7
8
9
10
11
12
13
14
15
16
17
18
17
16
15
14
13
12
11
10
9
9
6
5
4
3
2
1
2
3
4
5
6
7
8
9
10
11
12
13
14
15
16
17
17
16
15
14
13
12
11
10
10
9
7
6
5
4
3
2
3
4
5
6
7
8
9
10
11
12
13
14
15
16
17
18
18
17
16
15
14
13
12
11
10
9
8
7
6
5
4
3
4
5
6
7
8
9
10
11
12
13
14
15
16
17
18
19
19
18
17
16
15
14
13
12
11
10
9
8
7
6
5
4
5
6
7
8
9
10
11
12
13
14
15
16
17
18
19
20
20
19
18
17
16
15
14
13
12
11
10
9
8
7
6
5
6
7
8
9
10
11
12
13
14
15
16
17
18
19
20
21
21
20
19
18
17
16
15
14
13
12
11
10
9
8
7
6
7
8
9
10
11
12
13
14
15
16
17
18
19
20
21
22
22
21
20
19
18
17
16
15
14
13
12
11
10
9
8
7
8
9
10
11
12
13
14
15
16
17
18
19
20
21
22
23
23
22
21
20
19
18
17
16
15
14
13
12
11
10
9
8
9
10
11
12
13
14
15
16
17
18
19
20
21
22
23
24
24
23
22
21
20
19
18
17
16
15
14
13
12
11
10
9
10
11
12
13
14
15
16
17
18
19
20
21
22
23
24
25
25
24
23
22
21
20
19
18
17
16
15
14
13
12
11
10
11
12
13
14
15
16
17
18
19
20
21
22
23
24
25
26
26
25
24
23
22
21
20
19
18
17
16
15
14
13
12
11
12
13
14
15
16
17
18
19
20
21
22
23
24
25
26
27
27
26
25
24
23
22
21
20
19
18
17
16
15
14
13
12
13
14
15
16
17
18
19
20
21
22
23
24
25
26
27
28
28
27
26
25
24
23
22
21
20
19
18
17
16
15
14
13
14
15
16
17
18
19
20
21
22
23
24
25
26
27
28
29
29
28
27
26
25
24
23
22
21
20
19
18
17
16
15
14
15
16
17
18
19
20
21
22
23
24
25
26
27
28
29
30
30
29
28
27
26
25
24
23
22
21
20
19
18
17
16
15
16
17
18
19
20
21
22
23
24
25
26
27
28
29
30
31
31
30
29
28
27
26
25
24
23
22
21
20
19
18
17
16
17
18
19
20
21
22
23
24
25
26
27
28
29
30
31
32
32
31
30
29
28
27
26
25
24
23
22
21
20
19
18
17
18
19
20
21
22
23
24
25
26
27
28
29
30
31
32
33
